1478130976 4937
1478131577 4875
1478132177 4562
1478132778 4812
1478133379 5250
1478133980 4875
1478134581 4687
1478135182 4562
1478135783 4250
1478136383 4375
1478136984 4375
1478137585 4312
1478138186 4625
1478138787 4625
1478139388 4312
1478139988 4375
1478140589 4375
1478141190 4687
1478141791 4500
1478142392 4562
1478142993 4625
1478143594 4687
1478144194 4750
1478144795 4875
1478145396 4562
1478145997 4687
1478146598 4437
1478147199 4437
1478147800 4562
1478148400 4625
1478149001 4750
1478149602 4812
1478150203 4875
1478150804 4687
1478151405 4687
1478152005 4750
1478152606 4812
1478153207 4125
1478153808 4125
1478154409 4687
1478155010 4875
1478155611 4812
1478156211 4812
1478156812 4625
1478157413 4750
1478158014 4625
1478158615 4750
1478159216 5375
1478159817 5375
1478160417 5500
1478161018 5687
1478161619 7250
1478162220 9812
1478162821 13437
1478163422 16812
1478164022 17500
1478164623 22062
1478165224 20812
1478165825 16312
1478166426 13312
1478167027 11437
1478167628 11875
1478168228 10812
1478168829 11062
1478169430 11625
1478170031 10750
1478170632 11062
1478171233 11000
1478171834 11312
1478172434 11437
1478173035 11187
1478173636 10937
1478174237 10875
1478174838 10812
1478175439 10750
1478176039 10625
1478176640 10812
1478177241 10750
1478177842 10812
1478178442 0
